%YAML:1.0 # need to specify the file type at the top!


#############################
####### Pinhole Equi ########
#############################
cam0:
  T_cam_imu:
    - [0.017538565106728715, 0.00028626904326750635, -0.999846146556576, 0.02052394245821649]
    - [0.9998137173927399, -0.008064129276510124, 0.017535687392408406, 0.01409788177972009]
    - [-0.008057868657999734, -0.9999674434045585, -0.00042764897266889257, -0.011814695170156918]
    - [0.0, 0.0, 0.0, 1.0]
  cam_overlaps: []
  camera_model: pinhole
  distortion_coeffs: [0.03442918444998219, -0.02155491263917851, 0.0031292637056308044, -0.0005356957576266091]
  distortion_model: equidistant
  intrinsics: [461.6398879418857, 459.7153043295965, 732.9460954720965, 720.5410566713475]
  resolution: [1472, 1440]
  rostopic: /cam0/image_raw
  timeshift_cam_imu: -0.006584760035932231

cam1:
  T_cam_imu:
    - [0.000745820203676667, -0.00584785929408338, 0.9999826229959694, -0.019983320822875215]
    - [0.99995016919628, -0.009950514081923684, -0.000803986215983099, 0.01461591419235818]
    - [0.009955042770065814, 0.9999333926873234, 0.005840146596115453, -0.028381061462177323]
    - [0.0, 0.0, 0.0, 1.0]
  cam_overlaps: []
  camera_model: pinhole
  distortion_coeffs: [0.04694156447186486, -0.04598888193097635, 0.01197602371534633, -0.0015766998867207587]
  distortion_model: equidistant
  intrinsics: [481.0462499931464, 478.0014012062969, 735.0624904634898, 720.0949685881241]
  resolution: [1472, 1440]
  rostopic: /cam1/image_raw
  timeshift_cam_imu: -0.006546655556020702


#############################
########### EUCM ############
#############################
# cam0:
#   T_cam_imu:
#     - [0.017214474772216132, -0.0008034642120502422, -0.9998514971252359, 0.020670851120764513]
#     - [0.9998263174555488, -0.007128426214556394, 0.017219769539067287, 0.015539085669546057]
#     - [-0.007141203091335369, -0.9999742696614562, 0.0006806125511055194, -0.01575188948566258]
#     - [0.0, 0.0, 0.0, 1.0]
#   cam_overlaps: []
#   camera_model: eucm
#   distortion_coeffs: []
#   distortion_model: none
#   intrinsics: [0.6899954350657926, 0.8911981210457725, 465.2979536302252, 465.3194431883040, 730.0455886686005, 720.14270076712060]
#   resolution: [1472, 1440]
#   rostopic: /cam0/image_raw
#   timeshift_cam_imu: -0.0065711235601010635

# cam1:
#   T_cam_imu:
#     - [0.001140211562142969, 0.008293988154741392, 0.999964954224936475, -0.019723393561283168]
#     - [0.999968061816069342, -0.007919642587677703, -0.001074527381689296, 0.014881385860452550]
#     - [0.007910452920289310, 0.999934242348850422, -0.008302753327868798, -0.024122617432500697]
#     - [0.0, 0.0, 0.0, 1.0]
#   cam_overlaps: []
#   camera_model: eucm
#   distortion_coeffs: []
#   distortion_model: none
#   intrinsics: [0.689023978287534, 0.8955908238645756, 465.43282715729856, 465.46851871720855, 733.4363969750630, 718.74087142499763]
#   resolution: [1472, 1440]
#   rostopic: /cam1/image_raw
#   timeshift_cam_imu: -0.0065666869131007294
